222222222222222222222222222222222222222222222222222222222222222222222222222222222222222222222222222222101111111111210000000002122222222220211111111111111111111111111111111111111111111111111111111111111111111111111111111111111111111111111111
222222222222222222222222222222222222222222222222222222222222222222222222222222222222222222222222222222201111111111200000000000122222222220111111111111111111111111111111111111111111111111111111111111111111111111111111111111111111111111111111
222222222222222222222222222222222222222222222222222222222222222222222222222222222222222222222222222222112211111112100000000000212222222112211111111111111111111111111111111111111111111111111111111111111111111111111111111111111111111111111111
222222222222222222222222222222222222222222222222222222222222222222222222222222222222222222222222222222100011111112000000000000012222222000211111111111111111111111111111111111111111111111111111111111111111111111111111111111111111111111111111
222222222222222222222222222222222222222222222222222222222222222222222222222222222222222222222222222222100021110020000000000000001002221000211111111111111111111111111111111111111111111111111111111111111111111111111111111111111111111111111111
222222222222222222222222222222222222222222222222222222222222222222222222222222222222222222222222222222100001102210000000000000002110220000211111111111111111111111111111111111111111111111111111111111111111111111111111111111111111111111111111
222222222222222222222222222222222222222222222222222222222222222222222222222222222222222222222222222222210000122210000000000000002111200002111111111111111111111111111111111111111111111111111111111111111111111111111111111111111111111111111111
222222222222222222222222222222222222222222222222222222222222222222222222222222222222222222222222222222222200221000000000000000000021100111111111111111111111111111111111111111111111111111111111111111111111111111111111111111111111111111111111
222222222222222222222222222222222222222222222222222222222222222222222222222222222222222222222222222222222222000000000000000000000000011111111111111111111111111111111111111111111111111111111111111111111111111111111111111111111111111111111111
222222222222222222222222222222222222222222222222222222222222222222222222222222222222222222222222222222222221100000000000000000000000221111111111111111111111111111111111111111111111111111111111111111111111111111111111111111111111111111111111
222222222222222222222222222222222222222222222222222222222222222222222222222222222222222222222222222222222201110000000000000000000002220111111111111111111111111111111111111111111111111111111111111111111111111111111111111111111111111111111111
222222222222222222222222222222222222222222222222222222222222222222222222222222222222222222222222222222222211112000000000000000000012222111111111111111111111111111111111111111111111111111111111111111111111111111111111111111111111111111111111
222222222222222222222222222222222222222222222222222222222222222222222222222222222222222222222222222222222211112000000000000000000012222111111111111111111111111111111111111111111111111111111111111111111111111111111111111111111111111111111111
222222222222222222222222222222222222222222222222222222222222222222222222222222222222222222222222222222222201112000000000000000000012220111111111111111111111111111111111111111111111111111111111111111111111111111111111111111111111111111111111
222222222222222222222222222222222222222222222222222222222222222222222222222222222222222222222222222222222222112200000000000000000112211111111111111111111111111111111111111111111111111111111111111111111111111111111111111111111111111111111111
222222222222222222222222222222222222222222222222222222222222222222222222222222222222222222222222222222222200010000000000000000000002000111111111111111111111111111111111111111111111111111111111111111111111111111111111111111111111111111111111
222222222222222222222222222222222222222222222222222222222222222222222222222222222222222222222222222222222222220000000000000000000001111111111111111111111111111111111111111111111111111111111111111111111111111111111111111111111111111111111111
222222222222222222222222222222222222222222222222222222222222222222222222222222222222222222222222222222222222201200000000000000000120111111111111111111111111111111111111111111111111111111111111111111111111111111111111111111111111111111111111
222222222222222222222222222222222222222222222222222222222222222222222222222222222222222222222222222222222222201110000000000000002220111111111111111111111111111111111111111111111111111111111111111111111111111111111111111111111111111111111111
222222222222222222222222222222222222222222222222222222222222222222222222222222222222222222222222222222222222221120000000000000001221111111111111111111111111111111111111111111111111111111111111111111111111111111111111111111111111111111111111
222222222222222222222222222222222222222222222222222222222222222222222222222222222222222222222222222222222222220000000000000000000001111111111111111111111111111111111111111111111111111111111111111111111111111111111111111111111111111111111111
222222222222222222222222222222222222222222222222222222222222222222222222222222222222222222222222222222222222222211000000000000022111111111111111111111111111111111111111111111111111111111111111111111111111111111111111111111111111111111111111
222222222222222222222222222222222222222222222222222222222222222222222222222222222222222222222222222222222222222211200000000000122111111111111111111111111111111111111111111111111111111111111111111111111111111111111111111111111111111111111111
222222222222222222222222222222222222222222222222222222222222222222222222222222222222222222222222222222222222222221100000000000221111111111111111111111111111111111111111111111111111111111111111111111111111111111111111111111111111111111111111
222222222222222222222222222222222222222222222222222222222222222222222222222222222222222222222222222222222222222222120000000001211111111111111111111111111111111111111111111111111111111111111111111111111111111111111111111111111111111111111111
222222222222222222222222222222222222222222222222222222222222222222222222222222222222222222222222222222222222222222210000000002111111111111111111111111111111111111111111111111111111111111111111111111111111111111111111111111111111111111111111
222222222222222222222222222222222222222222222222222222222222222222222222222222222222222222222222222222222222222222222000000011111111111111111111111111111111111111111111111111111111111111111111111111111111111111111111111111111111111111111111
222222222222222222222222222222222222222222222222222222222222222222222222222222222222222222222222222222222222222222222200000111111111111111111111111111111111111111111111111111111111111111111111111111111111111111111111111111111111111111111111
222222222222222222222222222222222222222222222222222222222222222222222222222222222222222222222222222222222222222222222100000211111111111111111111111111111111111111111111111111111111111111111111111111111111111111111111111111111111111111111111
222222222222222222222222222222222222222222222222222222222222222222222222222222222222222222222222222222222222222222222200000111111111111111111111111111111111111111111111111111111111111111111111111111111111111111111111111111111111111111111111
222222222222222222222222222222222222222222222222222222222222222222222222222222222222222222222222222222222222222222222220001111111111111111111111111111111111111111111111111111111111111111111111111111111111111111111111111111111111111111111111
222222222222222222222222222222222222222222222222222222222222222222222222222222222222222222222222222222222222222222222222011111111111111111111111111111111111111111111111111111111111111111111111111111111111111111111111111111111111111111111111
222222222222222222222222222222222222222222222222222222222222222222222222222222222222222222222222222222222222222222222220001111111111111111111111111111111111111111111111111111111111111111111111111111111111111111111111111111111111111111111111
222222222222222222222222222222222222222222222222222222222222222222222222222222222222222222222222222222222222222222121111022221211111111111111111111111111111111111111111111111111111111111111111111111111111111111111111111111111111111111111111
222222222222222222222222222222222222222222222222222222222222222222222222222222222222222222222222222222222222222202111112012222210111111111111111111111111111111111111111111111111111111111111111111111111111111111111111111111111111111111111111
222222222222222222222222222222222222222222222222222222222222222222222222222222222222222222222222222222222222222011111110002222222011111111111111111111111111111111111111111111111111111111111111111111111111111111111111111111111111111111111111
222222222222222222222222222222222222222222222222222222222222222222222222222222222222222222222222222222222222220111111120001222222201111111111111111111111111111111111111111111111111111111111111111111111111111111111111111111111111111111111111
222222222222222222222222222222222222222222222222222222222222222222222222222222222222222222222222222222222222200111111100000222222200111111111111111111111111111111111111111111111111111111111111111111111111111111111111111111111111111111111111
222222222222222222222222222222222222222222222222222222222222222222222222222222222222222222222222222222222222001111111200000122222220011111111111111111111111111111111111111111111111111111111111111111111111111111111111111111111111111111111111
222222222222222222222222222222222222222222222222222222222222222222222222222222222222222222222222222222222222201111111200000122222220111111111111111111111111111111111111111111111111111111111111111111111111111111111111111111111111111111111111
222222222222222222222222222222222222222222222222222222222222222222222222222222222222222222222222222222222222101111112000000012222220211111111111111111111111111111111111111111111111111111111111111111111111111111111111111111111111111111111111
222222222222222222222222222222222222222222222222222222222222222222222222222222222222222222222222222222222222221111110000000002222221111111111111111111111111111111111111111111111111111111111111111111111111111111111111111111111111111111111111
222222222222222222222222222222222222222222222222222222222222222222222222222222222222222222222222222222222222100111120000000001222200211111111111111111111111111111111111111111111111111111111111111111111111111111111111111111111111111111111111
222222222222222222222222222222222222222222222222222222222222222222222222222222222222222222222222222222222222200010210000000002102000111111111111111111111111111111111111111111111111111111111111111111111111111111111111111111111111111111111111
222222222222222222222222222222222222222222222222222222222222222222222222222222222222222222222222222222222222220012200000000000112001111111111111111111111111111111111111111111111111111111111111111111111111111111111111111111111111111111111111
222222222222222222222222222222222222222222222222222222222222222222222222222222222222222222222222222222222222222200000000000000000111111111111111111111111111111111111111111111111111111111111111111111111111111111111111111111111111111111111111
222222222222222222222222222222222222222222222222222222222222222222222222222222222222222222222222222222222222222010000000000000002011111111111111111111111111111111111111111111111111111111111111111111111111111111111111111111111111111111111111
222222222222222222222222222222222222222222222222222222222222222222222222222222222222222222222222222222222222222111000000000000022211111111111111111111111111111111111111111111111111111111111111111111111111111111111111111111111111111111111111
222222222222222222222222222222222222222222222222222222222222222222222222222222222222222222222222222222222222222111000000000000022211111111111111111111111111111111111111111111111111111111111111111111111111111111111111111111111111111111111111
222222222222222222222222222222222222222222222222222222222222222222222222222222222222222222222222222222222222222110000000000000002211111111111111111111111111111111111111111111111111111111111111111111111111111111111111111111111111111111111111
222222222222222222222222222222222222222222222222222222222222222222222222222222222222222222222222222222222222222002000000000000010011111111111111111111111111111111111111111111111111111111111111111111111111111111111111111111111111111111111111
222222222222222222222222222222222222222222222222222222222222222222222222222222222222222222222222222222222222222221000000000000021111111111111111111111111111111111111111111111111111111111111111111111111111111111111111111111111111111111111111
222222222222222222222222222222222222222222222222222222222222222222222222222222222222222222222222222222222222222221100000000000221111111111111111111111111111111111111111111111111111111111111111111111111111111111111111111111111111111111111111
222222222222222222222222222222222222222222222222222222222222222222222222222222222222222222222222222222222222222221100000000000221111111111111111111111111111111111111111111111111111111111111111111111111111111111111111111111111111111111111111
222222222222222222222222222222222222222222222222222222222222222222222222222222222222222222222222222222222222222222210000000002111111111111111111111111111111111111111111111111111111111111111111111111111111111111111111111111111111111111111111
222222222222222222222222222222222222222222222222222222222222222222222222222222222222222222222222222222222222222222200000000000111111111111111111111111111111111111111111111111111111111111111111111111111111111111111111111111111111111111111111
222222222222222222222222222222222222222222222222222222222222222222222222222222222222222222222222222222222222222222221000000021111111111111111111111111111111111111111111111111111111111111111111111111111111111111111111111111111111111111111111
222222222222222222222222222222222222222222222222222222222222222222222222222222222222222222222222222222222222222222222100000211111111111111111111111111111111111111111111111111111111111111111111111111111111111111111111111111111111111111111111
222222222222222222222222222222222222222222222222222222222222222222222222222222222222222222222222222222222222222222222220001111111111111111111111111111111111111111111111111111111111111111111111111111111111111111111111111111111111111111111111
222222222222222222222222222222222222222222222222222222222222222222222222222222222222222222222222222222222222222222222220001111111111111111111111111111111111111111111111111111111111111111111111111111111111111111111111111111111111111111111111
222222222222222222222222222222222222222222222222222222222222222222222222222222222222222222222222222222222222222222222222011111111111111111111111111111111111111111111111111111111111111111111111111111111111111111111111111111111111111111111111
222222222222222222222222222222222222222222222222222222222222222222222222222222222222222222222222222222222222222222222222011111111111111111111111111111111111111111111111111111111111111111111111111111111111111111111111111111111111111111111111
222222222222222222222222222222222222222222222222222222222222222222222222222222222222222222222222222222222222222222221111022221111111111111111111111111111111111111111111111111111111111111111111111111111111111111111111111111111111111111111111
222222222222222222222222222222222222222222222222222222222222222222222222222222222222222222222222222222222222222222111111022222211111111111111111111111111111111111111111111111111111111111111111111111111111111111111111111111111111111111111111
222222222222222222222222222222222222222222222222222222222222222222222222222222222222222222222222222222222222222221111110002222221111111111111111111111111111111111111111111111111111111111111111111111111111111111111111111111111111111111111111
222222222222222222222222222222222222222222222222222222222222222222222222222222222222222222222222222222222222222220111100000222201111111111111111111111111111111111111111111111111111111111111111111111111111111111111111111111111111111111111111
222222222222222222222222222222222222222222222222222222222222222222222222222222222222222222222222222222222222222222111120001222211111111111111111111111111111111111111111111111111111111111111111111111111111111111111111111111111111111111111111
222222222222222222222222222222222222222222222222222222222222222222222222222222222222222222222222222222222222222221111100000222221111111111111111111111111111111111111111111111111111111111111111111111111111111111111111111111111111111111111111
222222222222222222222222222222222222222222222222222222222222222222222222222222222222222222222222222222222222222210111200000122202111111111111111111111111111111111111111111111111111111111111111111111111111111111111111111111111111111111111111
222222222222222222222222222222222222222222222222222222222222222222222222222222222222222222222222222222222222222200002000000010000111111111111111111111111111111111111111111111111111111111111111111111111111111111111111111111111111111111111111
222222222222222222222222222222222222222222222222222222222222222222222222222222222222222222222222222222222222222222200000000000111111111111111111111111111111111111111111111111111111111111111111111111111111111111111111111111111111111111111111
222222222222222222222222222222222222222222222222222222222222222222222222222222222222222222222222222222222222222222110000000002211111111111111111111111111111111111111111111111111111111111111111111111111111111111111111111111111111111111111111
222222222222222222222222222222222222222222222222222222222222222222222222222222222222222222222222222222222222222222110000000002211111111111111111111111111111111111111111111111111111111111111111111111111111111111111111111111111111111111111111
222222222222222222222222222222222222222222222222222222222222222222222222222222222222222222222222222222222222222222010000000002011111111111111111111111111111111111111111111111111111111111111111111111111111111111111111111111111111111111111111
222222222222222222222222222222222222222222222222222222222222222222222222222222222222222222222222222222222222222222220000000001111111111111111111111111111111111111111111111111111111111111111111111111111111111111111111111111111111111111111111
222222222222222222222222222222222222222222222222222222222222222222222222222222222222222222222222222222222222222222201000000020111111111111111111111111111111111111111111111111111111111111111111111111111111111111111111111111111111111111111111
222222222222222222222222222222222222222222222222222222222222222222222222222222222222222222222222222222222222222222222200000111111111111111111111111111111111111111111111111111111111111111111111111111111111111111111111111111111111111111111111
222222222222222222222222222222222222222222222222222222222222222222222222222222222222222222222222222222222222222222222200000111111111111111111111111111111111111111111111111111111111111111111111111111111111111111111111111111111111111111111111
222222222222222222222222222222222222222222222222222222222222222222222222222222222222222222222222222222222222222222222210002111111111111111111111111111111111111111111111111111111111111111111111111111111111111111111111111111111111111111111111
222222222222222222222222222222222222222222222222222222222222222222222222222222222222222222222222222222222222222222222220001111111111111111111111111111111111111111111111111111111111111111111111111111111111111111111111111111111111111111111111
222222222222222222222222222222222222222222222222222222222222222222222222222222222222222222222222222222222222222222222222011111111111111111111111111111111111111111111111111111111111111111111111111111111111111111111111111111111111111111111111
222222222222222222222222222222222222222222222222222222222222222222222222222222222222222222222222222222222222222222222222011111111111111111111111111111111111111111111111111111111111111111111111111111111111111111111111111111111111111111111111
222222222222222222222222222222222222222222222222222222222222222222222222222222222222222222222222222222222222222222221111022221111111111111111111111111111111111111111111111111111111111111111111111111111111111111111111111111111111111111111111
222222222222222222222222222222222222222222222222222222222222222222222222222222222222222222222222222222222222222222221112012221111111111111111111111111111111111111111111111111111111111111111111111111111111111111111111111111111111111111111111
222222222222222222222222222222222222222222222222222222222222222222222222222222222222222222222222222222222222222222201110002220111111111111111111111111111111111111111111111111111111111111111111111111111111111111111111111111111111111111111111
222222222222222222222222222222222222222222222222222222222222222222222222222222222222222222222222222222222222222222201120001220111111111111111111111111111111111111111111111111111111111111111111111111111111111111111111111111111111111111111111
222222222222222222222222222222222222222222222222222222222222222222222222222222222222222222222222222222222222222222200200000100111111111111111111111111111111111111111111111111111111111111111111111111111111111111111111111111111111111111111111
222222222222222222222222222222222222222222222222222222222222222222222222222222222222222222222222222222222222222222222000000011111111111111111111111111111111111111111111111111111111111111111111111111111111111111111111111111111111111111111111
222222222222222222222222222222222222222222222222222222222222222222222222222222222222222222222222222222222222222222221200000121111111111111111111111111111111111111111111111111111111111111111111111111111111111111111111111111111111111111111111
222222222222222222222222222222222222222222222222222222222222222222222222222222222222222222222222222222222222222222221000000021111111111111111111111111111111111111111111111111111111111111111111111111111111111111111111111111111111111111111111
222222222222222222222222222222222222222222222222222222222222222222222222222222222222222222222222222222222222222222222100000211111111111111111111111111111111111111111111111111111111111111111111111111111111111111111111111111111111111111111111
222222222222222222222222222222222222222222222222222222222222222222222222222222222222222222222222222222222222222222222200000111111111111111111111111111111111111111111111111111111111111111111111111111111111111111111111111111111111111111111111
222222222222222222222222222222222222222222222222222222222222222222222222222222222222222222222222222222222222222222222220001111111111111111111111111111111111111111111111111111111111111111111111111111111111111111111111111111111111111111111111
222222222222222222222222222222222222222222222222222222222222222222222222222222222222222222222222222222222222222222222222011111111111111111111111111111111111111111111111111111111111111111111111111111111111111111111111111111111111111111111111
222222222222222222222222222222222222222222222222222222222222222222222222222222222222222222222222222222222222222222222220001111111111111111111111111111111111111111111111111111111111111111111111111111111111111111111111111111111111111111111111
222222222222222222222222222222222222222222222222222222222222222222222222222222222222222222222222222222222222222222222011022011111111111111111111111111111111111111111111111111111111111111111111111111111111111111111111111111111111111111111111
222222222222222222222222222222222222222222222222222222222222222222222222222222222222222222222222222222222222222222222112012211111111111111111111111111111111111111111111111111111111111111111111111111111111111111111111111111111111111111111111
222222222222222222222222222222222222222222222222222222222222222222222222222222222222222222222222222222222222222222222010002011111111111111111111111111111111111111111111111111111111111111111111111111111111111111111111111111111111111111111111
222222222222222222222222222222222222222222222222222222222222222222222222222222222222222222222222222222222222222222222200000111111111111111111111111111111111111111111111111111111111111111111111111111111111111111111111111111111111111111111111
222222222222222222222222222222222222222222222222222222222222222222222222222222222222222222222222222222222222222222222220001111111111111111111111111111111111111111111111111111111111111111111111111111111111111111111111111111111111111111111111
222222222222222222222222222222222222222222222222222222222222222222222222222222222222222222222222222222222222222222222210002111111111111111111111111111111111111111111111111111111111111111111111111111111111111111111111111111111111111111111111
222222222222222222222222222222222222222222222222222222222222222222222222222222222222222222222222222222222222222222222222011111111111111111111111111111111111111111111111111111111111111111111111111111111111111111111111111111111111111111111111
222222222222222222222222222222222222222222222222222222222222222222222222222222222222222222222222222222222222222222222222011111111111111111111111111111111111111111111111111111111111111111111111111111111111111111111111111111111111111111111111
222222222222222222222222222222222222222222222222222222222222222222222222222222222222222222222222222222222222222222222221021111111111111111111111111111111111111111111111111111111111111111111111111111111111111111111111111111111111111111111111
222222222222222222222222222222222222222222222222222222222222222222222222222222222222222222222222222222222222222222222211022111111111111111111111111111111111111111111111111111111111111111111111111111111111111111111111111111111111111111111111
222222222222222222222222222222222222222222222222222222222222222222222222222222222222222222222222222222222222222222222200000111111111111111111111111111111111111111111111111111111111111111111111111111111111111111111111111111111111111111111111
222222222222222222222222222222222222222222222222222222222222222222222222222222222222222222222222222222222222222222222220001111111111111111111111111111111111111111111111111111111111111111111111111111111111111111111111111111111111111111111111
222222222222222222222222222222222222222222222222222222222222222222222222222222222222222222222222222222222222222222222221021111111111111111111111111111111111111111111111111111111111111111111111111111111111111111111111111111111111111111111111
222222222222222222222222222222222222222222222222222222222222222222222222222222222222222222222222222222222222222222222222011111111111111111111111111111111111111111111111111111111111111111111111111111111111111111111111111111111111111111111111
222222222222222222222222222222222222222222222222222222222222222222222222222222222222222222222222222222222222222222222221021111111111111111111111111111111111111111111111111111111111111111111111111111111111111111111111111111111111111111111111
222222222222222222222222222222222222222222222222222222222222222222222222222222222222222222222222222222222222222222222222011111111111111111111111111111111111111111111111111111111111111111111111111111111111111111111111111111111111111111111111
222222222222222222222222222222222222222222222222222222222222222222222222222222222222222222222222222222222222222222222222011111111111111111111111111111111111111111111111111111111111111111111111111111111111111111111111111111111111111111111111
222222222222222222222222222222222222222222222222222222222222222222222222222222222222222222222222222222222222222222222222011111111111111111111111111111111111111111111111111111111111111111111111111111111111111111111111111111111111111111111111
222222222222222222222222222222222222222222222222222222222222222222222222222222222222222222222222222222222222222222222220001111111111111111111111111111111111111111111111111111111111111111111111111111111111111111111111111111111111111111111111
222222222222222222222222222222222222222222222222222222222222222222222222222222222222222222222222222222222222222222222222011111111111111111111111111111111111111111111111111111111111111111111111111111111111111111111111111111111111111111111111
222222222222222222222222222222222222222222222222222222222222222222222222222222222222222222222222222222222222222222222222011111111111111111111111111111111111111111111111111111111111111111111111111111111111111111111111111111111111111111111111
222222222222222222222222222222222222222222222222222222222222222222222222222222222222222222222222222222222222222222222222011111111111111111111111111111111111111111111111111111111111111111111111111111111111111111111111111111111111111111111111
222222222222222222222222222222222222222222222222222222222222222222222222222222222222222222222222222222222222222222222222011111111111111111111111111111111111111111111111111111111111111111111111111111111111111111111111111111111111111111111111
222222222222222222222222222222222222222222222222222222222222222222222222222222222222222222222222222222222222222222222222011111111111111111111111111111111111111111111111111111111111111111111111111111111111111111111111111111111111111111111111
222222222222222222222222222222222222222222222222222222222222222222222222222222222222222222222222222222222222222222222222011111111111111111111111111111111111111111111111111111111111111111111111111111111111111111111111111111111111111111111111
222222222222222222222222222222222222222222222222222222222222222222222222222222222222222222222222222222222222222222222222011111111111111111111111111111111111111111111111111111111111111111111111111111111111111111111111111111111111111111111111
222222222222222222222222222222222222222222222222222222222222222222222222222222222222222222222222222222222222222222222200000111111111111111111111111111111111111111111111111111111111111111111111111111111111111111111111111111111111111111111111
222222222222222222222222222222222222222222222222222222222222222222222222222222222222222222222222222222222222222222221000000021111111111111111111111111111111111111111111111111111111111111111111111111111111111111111111111111111111111111111111
222222222222222222222222222222222222222222222222222222222222222222222222222222222222222222222222222222222222222222110000000002211111111111111111111111111111111111111111111111111111111111111111111111111111111111111111111111111111111111111111
222222222222222222222222222222222222222222222222222222222222222222222222222222222222222222222222222222222222221211200000000000122121111111111111111111111111111111111111111111111111111111111111111111111111111111111111111111111111111111111111
222222222222222222222222222222222222222222222222222222222222222222222222222222222222222222222222222222222222220110000000000000002201111111111111111111111111111111111111111111111111111111111111111111111111111111111111111111111111111111111111
222222222222222222222222222222222222222222222222222222222222222222222222222222222222222222222222222222222112110210000000000000002102212211111111111111111111111111111111111111111111111111111111111111111111111111111111111111111111111111111111
222222222222222222222222222222222222222222222222222222222222222222222222222222222222222222222222222222222021110000000000000000000002221011111111111111111111111111111111111111111111111111111111111111111111111111111111111111111111111111111111
222222222222222222222222222222222222222222222222222222222222222222222222222222222222222222222222222222222011120000000000000000000001222011111111111111111111111111111111111111111111111111111111111111111111111111111111111111111111111111111111
222222222222222222222222222222222222222222222222222222222222222222222222222222222222222222222222220111111022100000000000000000000000211022222201111111111111111111111111111111111111111111111111111111111111111111111111111111111111111111111111
222222222222222222222222222222222222222222222222222222222222222222222222222222222222222222222222200011111001000000000000000000000000020022222000111111111111111111111111111111111111111111111111111111111111111111111111111111111111111111111111
222222222222222222222222222222222222222222222222222222222222222222222222222222222222222222222222200011112000000000000000000000000000000012222000111111111111111111111111111111111111111111111111111111111111111111111111111111111111111111111111
222222222222222222222222222222222222222222222222222222222222222222222222222222222222222222202222200111110000000000000000000000000000000002222200111110111111111111111111111111111111111111111111111111111111111111111111111111111111111111111111
222222222222222222222222222222222222222222222222222222222222222222222222222222222222222212001111021121100000000000000000000000000000000000221221022220012111111111111111111111111111111111111111111111111111111111111111111111111111111111111111
222222222222222222222222222222222222222222222222222222222222222222222222222222222222221001111111100222100000000000000000000000000000000000211100222222220021111111111111111111111111111111111111111111111111111111111111111111111111111111111111
222222222222222222222222222222222222222222222222222222222222222222222222222222222222220002111111100011000000000000000000000000000000000000022000222222210001111111111111111111111111111111111111111111111111111111111111111111111111111111111111
222222222222222222222222222222222222222222222222222222222222222222222222222222222222220001111111100000000000000000000000000000000000000000000000222222220001111111111111111111111111111111111111111111111111111111111111111111111111111111111111
222222222222222222222222222222222222222222222222222222222222222222222222222222222222220011111111000000000000000000000000000000000000000000000000022222222001111111111111111111111111111111111111111111111111111111111111111111111111111111111111
222222222222222222222222222222222222222222222222222222222222222222222222222222222222220011111112000000000000000000000000000000000000000000000000012222222001111111111111111111111111111111111111111111111111111111111111111111111111111111111111
222222222222222222222222222222222222222222222222222222222222222222222220122000000012220111222121000000000000000000000000000000000000000000000000021211122201112000000011201111111111111111111111111111111111111111111111111111111111111111111111
222222222222222222222222222222222222222222222222222222222222222222222212111002111111110222222000000000000000000000000000000000000000000000000000000011111102222222210022212111111111111111111111111111111111111111111111111111111111111111111111
222222222222222222222222222222222222222222222222222222222222222222222100002111111111110022222100000000000000000000000000000000000000000000000000000211111002222222222210000211111111111111111111111111111111111111111111111111111111111111111111
222222222222222222222222222222222222222222222222222222222222222222220000002111111111120002201000000000000000000000000000000000000000000000000000000020110001222222222210000001111111111111111111111111111111111111111111111111111111111111111111
222222222222222222222222222222222222222222222222222222222222222222221000001111111111100000000000000000000000000000000000000000000000000000000000000000000000222222222220000021111111111111111111111111111111111111111111111111111111111111111111
222222222222222222222222222222222222222222222222222222222222222222222000011111111111100000000000000000000000000000000000000000000000000000000000000000000000222222222222000011111111111111111111111111111111111111111111111111111111111111111111
222222222222222222222222222222222222222222222222222222222222222222220000111111111111200000000000000000000000000000000000000000000000000000000000000000000000122222222222200001111111111111111111111111111111111111111111111111111111111111111111
222222222222222222222222222222222222222222222222222222222222222222221000111111111112000000000000000000000000000000000000000000000000000000000000000000000000012222222222200021111111111111111111111111111111111111111111111111111111111111111111
222222222222222222222222222222222222222222222222222222202222222222222001111111111112000000000000000000000000000000000000000000000000000000000000000000000000012222222222220011111111111110111111111111111111111111111111111111111111111111111111
222222222222222222222222222222222222222222222221222220012001222222222021111111111220000000000000000000000000000000000000000000000000000000000000000000000000001122222222221011111111120012001111121111111111111111111111111111111111111111111111
222222222222222222222222222222222222222222222201112200002202121200022111101111012200000000000000000000000000000000000000000000000000000000000000000000000000000112022220222211000121210110000112220111111111111111111111111111111111111111111111
222222222222222222222222222222222222222222220111111100021111111111111022222222220000000000000000000000000000000000000000000000000000000000000000000000000000000001111111111022222222222221000222222201111111111111111111111111111111111111111111
222222222222222222222222222222222222222222221100000211111111111111111002222222210000000000000000000000000000000000000000000000000000000000000000000000000000000002111111110022222222222222222100000221111111111111111111111111111111111111111111
222222222222222222222222222222222222222222210000000211111111111111110000222222010000000000000000000000000000000000000000000000000000000000000000000000000000000002011111100002222222222222222100000002111111111111111111111111111111111111111111
222222222222222222222222222222222222222222010000002211111111111111110000012222120000000000000000000000000000000000000000000000000000000000000000000000000000000001211112000002222222222222222110000002011111111111111111111111111111111111111111
222222222222222222222222222222222222222222100000001011111111111111120000000202000000000000000000000000000000000000000000000000000000000000000000000000000000000000010100000001222222222222222020000000211111111111111111111111111111111111111111
222222222222222222222222222222222222222222100000002111111111111111110000000000000000000000000000000000000000000000000000000000000000000000000000000000000000000000000000000002222222222222222210000000211111111111111111111111111111111111111111
222222222222222222222222222222222222222222200000002111111111111111100000000000000000000000000000000000000000000000000000000000000000000000000000000000000000000000000000000000222222222222222210000000111111111111111111111111111111111111111111
222222222222222222222222222222222222222222200000001111111111111112200000000000000000000000000000000000000000000000000000000000000000000000000000000000000000000000000000000000112222222222222220000000111111111111111111111111111111111111111111
222222222222222222222222222222222222222222000000211111111111111111000000000000000000000000000000000000000000000000000000000000000000000000000000000000000000000000000000000000022222222222222222100000011111111111111111111111111111111111111111
222222222222222222222222222222222222222222100000111111111111111122000000000000000000000000000000000000000000000000000000000000000000000000000000000000000000000000000000000000011222222222222222200000211111111111111111111111111111111111111111
222222222222222222222222222222222222222222100001111111111111111120000000000000000000000000000000000000000000000000000000000000000000000000000000000000000000000000000000000000001222222222222222220000211111111111111111111111111111111111111111
222222222222222222221211222102222222222222200011111111111111110000000000000000000000000000000000000000000000000000000000000000000000000000000000000000000000000000000000000000000002222222222222222000111111111111110211122121111111111111111111
222222222212222222210021200021201222222222200211111111111111122200000000000000000000000000000000000000000000000000000000000000000000000000000000000000000000000000000000000000000111222222222222222100111111111120121000121002111111112111111111
222222222001110222000000200001000000022222220111111110002011022020000000000000000000000000000000000000000000000000000000000000000000000000000000000000000000000000000000000000001011022010002222222201111111000000020000100000011102220011111111
222222222011111020000002211221111111112221000000222222221001222100000000000000000000000000000000000000000000000000000000000000000000000000000000000000000000000000000000000000000211120021111111100000021112222222221122110000001022222011111111
222222011121111120000002111111111111111111110222222222222221000000000000000000000000000000000000000000000000000000000000000000000000000000000000000000000000000000000000000000000000021111111111111102222222222222222222210000001222221222011111
222220112022220021111111111111111111111111100122222222222221000000000000000000000000000000000000000000000000000000000000000000000000000000000000000000000000000000000000000000000000021111111111111200222222222222222222222222221001111012201111
222220000000000022111111111111111111111111100012222222222211100000000000000000000000000000000000000000000000000000000000000000000000000000000000000000000000000000000000000000000000222111111111112000222222222222222222222222211000000000001111
222211000000000022111111111111111111111111000001222222222011000000000000000000000000000000000000000000000000000000000000000000000000000000000000000000000000000000000000000000000000022011111111120000022222222222222222222222211000000000022111
222012000000000222111111111111111111111110000000102222222002000000000000000000000000000000000000000000000000000000000000000000000000000000000000000000000000000000000000000000000000010011111110200000002222222222222222222222211100000000012011
222020000000000021111111111111111111111112000000021120221000000000000000000000000000000000000000000000000000000000000000000000000000000000000000000000000000000000000000000000000000000021101221000000012222222222222222222222221000000000001011
222100000000000100111111111111111111111111000000000021022000000000000000000000000000000000000000000000000000000000000000000000000000000000000000000000000000000000000000000000000000000011021000000000022222222222222222222222200200000000000211
220100000000000211111111111111111111111110000000000000000000000000000000000000000000000000000000000000000000000000000000000000000000000000000000000000000000000000000000000000000000000000000000000000002222222222222222222222222100000000000201
222200000000001211111111111111111111111220000000000000000000000000000000000000000000000000000000000000000000000000000000000000000000000000000000000000000000000000000000000000000000000000000000000000001122222222222222222222222120000000000111
222200000000001211111111111111111111111100000000000000000000000000000000000000000000000000000000000000000000000000000000000000000000000000000000000000000000000000000000000000000000000000000000000000000222222222222222222222222120000000000111
220100000000012111111111111111111111111200000000000000000000000000000000000000000000000000000000000000000000000000000000000000000000000000000000000000000000000000000000000000000000000000000000000000000122222222222222222222222212000000000201
222000000000001111111111111111111111112200000000000000000000000000000000000000000000000000000000000000000000000000000000000000000000000000000000000000000000000000000000000000000000000000000000000000000112222222222222222222222220000000000011
222000000000211111111111111111111111112000000000000000000000000000000000000000000000000000000000000000000000000000000000000000000000000000000000000000000000000000000000000000000000000000000000000000000012222222222222222222222222100000000011
222000000002111111111111111111111111021000000000000000000000000000000000000000000000000000000000000000000000000000000000000000000000000000000000000000000000000000000000000000000000000000000000000000000021022222222222222222222222210000000011
222100000021111111111111111111111111221000000000000000000000000000000000000000000000000000000000000000000000000000000000000000000000000000000000000000000000000000000000000000000000000000000000000000000021122222222222222222222222221000000211
222100000011111111111111111111111111221000000000000000000000000000000000000000000000000000000000000000000000000000000000000000000000000000000000000000000000000000000000000000000000000000000000000000000021122222222222222222222222222000000211
222200000211111111111111111111111011200000000000000000000000000000000000000000000000000000000000000000000000000000000000000000000000000000000000000000000000000000000000000000000000000000000000000000000000122022222222222222222222222100000111
222220001111111111111111111111112001000000000000000000000000000000000000000000000000000000000000000000000000000000000000000000000000000000000000000000000000000000000000000000000000000000000000000000000000020012222222222222222222222220001111
222200001111111111111111111111112221000000000000000000000000000000000000000000000000000000000000000000000000000000000000000000000000000000000000000000000000000000000000000000000000000000000000000000000000021112222222222222222222222220000111
222220011111111111111221221111222221100000000000000000000000000000000000000000000000000000000000000000000000000000000000000000000000000000000000000000000000000000000000000000000000000000000000000000000000221111122221121122222222222222001111
222222011111112200100100000011222222100000000000000000000000000000000000000000000000000000000000000000000000000000000000000000000000000000000000000000000000000000000000000000000000000000000000000000000000211111122000000200200112222222011111
202002000022222222222222100021222210000000000000000000000000000000000000000000000000000000000000000000000000000000000000000000000000000000000000000000000000000000000000000000000000000000000000000000000000002111121000211111111111111000010010
111111022222222222222222221002201200000000000000000000000000000000000000000000000000000000000000000000000000000000000000000000000000000000000000000000000000000000000000000000000000000000000000000000000000000120110021111111111111111111022222
111110012222222222222222222220000000000000000000000000000000000000000000000000000000000000000000000000000000000000000000000000000000000000000000000000000000000000000000000000000000000000000000000000000000000000001111111111111111111112002222
111110002222222222222222222211000000000000000000000000000000000000000000000000000000000000000000000000000000000000000000000000000000000000000000000000000000000000000000000000000000000000000000000000000000000000022111111111111111111110002222
111100000222222222222222222111000000000000000000000000000000000000000000000000000000000000000000000000000000000000000000000000000000000000000000000000000000000000000000000000000000000000000000000000000000000000022211111111111111111100000222
111200000022222222222222220111000000000000000000000000000000000000000000000000000000000000000000000000000000000000000000000000000000000000000000000000000000000000000000000000000000000000000000000000000000000000022201111111111111111000000122
110000000021222222222222210111000000000000000000000000000000000000000000000000000000000000000000000000000000000000000000000000000000000000000000000000000000000000000000000000000000000000000000000000000000000000022202111111111111121000000002
112000000000122222222222222112000000000000000000000000000000000000000000000000000000000000000000000000000000000000000000000000000000000000000000000000000000000000000000000000000000000000000000000000000000000000012211111111111111200000000012
112000000000021222222222012220000000000000000000000000000000000000000000000000000000000000000000000000000000000000000000000000000000000000000000000000000000000000000000000000000000000000000000000000000000000000001112011111111121000000000012
110000000000001111202201110000000000000000000000000000000000000000000000000000000000000000000000000000000000000000000000000000000000000000000000000000000000000000000000000000000000000000000000000000000000000000000002220110122220000000000002
120000000000000011211121100000000000000000000000000000000000000000000000000000000000000000000000000000000000000000000000000000000000000000000000000000000000000000000000000000000000000000000000000000000000000000000000221222122000000000000001
020000000000000000010000000000000000000000000000000000000000000000000000000000000000000000000000000000000000000000000000000000000000000000000000000000000000000000000000000000000000000000000000000000000000000000000000000002000000000000000001
100000000000000000000000000000000000000000000000000000000000000000000000000000000000000000000000000000000000000000000000000000000000000000000000000000000000000000000000000000000000000000000000000000000000000000000000000000000000000000000000
220000000000000000000000000000000000000000000000000000000000000000000000000000000000000000000000000000000000000000000000000000000000000000000000000000000000000000000000000000000000000000000000000000000000000000000000000000000000000000000001
200000000000000000000000000000000000000000000000000000000000000000000000000000000000000000000000000000000000000000000000000000000000000000000000000000000000000000000000000000000000000000000000000000000000000000000000000000000000000000000000
000000000000000000000000000000000000000000000000000000000000000000000000000000000000000000000000000000000000000000000000000000000000000000000000000000000000000000000000000000000000000000000000000000000000000000000000000000000000000000000000
000000000000000000000000000000000000000000000000000000000000000000000000000000000000000000000000000000000000000000000000000000000000000000000000000000000000000000000000000000000000000000000000000000000000000000000000000000000000000000000000
000000000000000000000000000000000000000000000000000000000000000000000000000000000000000000000000000000000000000000000000000000000000000000000000000000000000000000000000000000000000000000000000000000000000000000000000000000000000000000000000
000000000000000000000000000000000000000000000000000000000000000000000000000000000000000000000000000000000000000000000000000000000000000000000000000000000000000000000000000000000000000000000000000000000000000000000000000000000000000000000000
000000000000000000000000000000000000000000000000000000000000000000000000000000000000000000000000000000000000000000000000000000000000000000000000000000000000000000000000000000000000000000000000000000000000000000000000000000000000000000000000
000000000000000000000000000000000000000000000000000000000000000000000000000000000000000000000000000000000000000000000000000000000000000000000000000000000000000000000000000000000000000000000000000000000000000000000000000000000000000000000000
000000000000000000000000000000000000000000000000000000000000000000000000000000000000000000000000000000000000000000000000000000000000000000000000000000000000000000000000000000000000000000000000000000000000000000000000000000000000000000000000
000000000000000000000000000000000000000000000000000000000000000000000000000000000000000000000000000000000000000000000000000000000000000000000000000000000000000000000000000000000000000000000000000000000000000000000000000000000000000000000000
000000000000000000000000000000000000000000000000000000000000000000000000000000000000000000000000000000000000000000000000000000000000000000000000000000000000000000000000000000000000000000000000000000000000000000000000000000000000000000000000
000000000000000000000000000000000000000000000000000000000000000000000000000000000000000000000000000000000000000000000000000000000000000000000000000000000000000000000000000000000000000000000000000000000000000000000000000000000000000000000000
000000000000000000000000000000000000000000000000000000000000000000000000000000000000000000000000000000000000000000000000000000000000000000000000000000000000000000000000000000000000000000000000000000000000000000000000000000000000000000000000
000000000000000000000000000000000000000000000000000000000000000000000000000000000000000000000000000000000000000000000000000000000000000000000000000000000000000000000000000000000000000000000000000000000000000000000000000000000000000000000000
000000000000000000000000000000000000000000000000000000000000000000000000000000000000000000000000000000000000000000000000000000000000000000000000000000000000000000000000000000000000000000000000000000000000000000000000000000000000000000000000
000000000000000000000000000000000000000000000000000000000000000000000000000000000000000000000000000000000000000000000000000000000000000000000000000000000000000000000000000000000000000000000000000000000000000000000000000000000000000000000000
000000000000000000000000000000000000000000000000000000000000000000000000000000000000000000000000000000000000000000000000000000000000000000000000000000000000000000000000000000000000000000000000000000000000000000000000000000000000000000000000
000000000000000000000000000000000000000000000000000000000000000000000000000000000000000000000000000000000000000000000000000000000000000000000000000000000000000000000000000000000000000000000000000000000000000000000000000000000000000000000000
000000000000000000000000000000000000000000000000000000000000000000000000000000000000000000000000000000000000000000000000000000000000000000000000000000000000000000000000000000000000000000000000000000000000000000000000000000000000000000000000
000000000000000000000000000000000000000000000000000000000000000000000000000000000000000000000000000000000000000000000000000000000000000000000000000000000000000000000000000000000000000000000000000000000000000000000000000000000000000000000000
000000000000000000000000000000000000000000000000000000000000000000000000000000000000000000000000000000000000000000000000000000000000000000000000000000000000000000000000000000000000000000000000000000000000000000000000000000000000000000000000
000000000000000000000000000000000000000000000000000000000000000000000000000000000000000000000000000000000000000000000000000000000000000000000000000000000000000000000000000000000000000000000000000000000000000000000000000000000000000000000000
000000000000000000000000000000000000000000000000000000000000000000000000000000000000000000000000000000000000000000000000000000000000000000000000000000000000000000000000000000000000000000000000000000000000000000000000000000000000000000000000
000000000000000000000000000000000000000000000000000000000000000000000000000000000000000000000000000000000000000000000000000000000000000000000000000000000000000000000000000000000000000000000000000000000000000000000000000000000000000000000000
000000000000000000000000000000000000000000000000000000000000000000000000000000000000000000000000000000000000000000000000000000000000000000000000000000000000000000000000000000000000000000000000000000000000000000000000000000000000000000000000
000000000000000000000000000000000000000000000000000000000000000000000000000000000000000000000000000000000000000000000000000000000000000000000000000000000000000000000000000000000000000000000000000000000000000000000000000000000000000000000000
000000000000000000000000000000000000000000000000000000000000000000000000000000000000000000000000000000000000000000000000000000000000000000000000000000000000000000000000000000000000000000000000000000000000000000000000000000000000000000000000
000000000000000000000000000000000000000000000000000000000000000000000000000000000000000000000000000000000000000000000000000000000000000000000000000000000000000000000000000000000000000000000000000000000000000000000000000000000000000000000000
000000000000000000000000000000000000000000000000000000000000000000000000000000000000000000000000000000000000000000000000000000000000000000000000000000000000000000000000000000000000000000000000000000000000000000000000000000000000000000000000
000000000000000000000000000000000000000000000000000000000000000000000000000000000000000000000000000000000000000000000000000000000000000000000000000000000000000000000000000000000000000000000000000000000000000000000000000000000000000000000000
000000000000000000000000000000000000000000000000000000000000000000000000000000000000000000000000000000000000000000000000000000000000000000000000000000000000000000000000000000000000000000000000000000000000000000000000000000000000000000000000
000000000000000000000000000000000000000000000000000000000000000000000000000000000000000000000000000000000000000000000000000000000000000000000000000000000000000000000000000000000000000000000000000000000000000000000000000000000000000000000000
000000000000000000000000000000000000000000000000000000000000000000000000000000000000000000000000000000000000000000000000000000000000000000000000000000000000000000000000000000000000000000000000000000000000000000000000000000000000000000000000
000000000000000000000000000000000000000000000000000000000000000000000000000000000000000000000000000000000000000000000000000000000000000000000000000000000000000000000000000000000000000000000000000000000000000000000000000000000000000000000000
000000000000000000000000000000000000000000000000000000000000000000000000000000000000000000000000000000000000000000000000000000000000000000000000000000000000000000000000000000000000000000000000000000000000000000000000000000000000000000000000
000000000000000000000000000000000000000000000000000000000000000000000000000000000000000000000000000000000000000000000000000000000000000000000000000000000000000000000000000000000000000000000000000000000000000000000000000000000000000000000000
000000000000000000000000000000000000000000000000000000000000000000000000000000000000000000000000000000000000000000000000000000000000000000000000000000000000000000000000000000000000000000000000000000000000000000000000000000000000000000000000
000000000000000000000000000000000000000000000000000000000000000000000000000000000000000000000000000000000000000000000000000000000000000000000000000000000000000000000000000000000000000000000000000000000000000000000000000000000000000000000000
000000000000000000000000000000000000000000000000000000000000000000000000000000000000000000000000000000000000000000000000000000000000000000000000000000000000000000000000000000000000000000000000000000000000000000000000000000000000000000000000
000000000000000000000000000000000000000000000000000000000000000000000000000000000000000000000000000000000000000000000000000000000000000000000000000000000000000000000000000000000000000000000000000000000000000000000000000000000000000000000000
000000000000000000000000000000000000000000000000000000000000000000000000000000000000000000000000000000000000000000000000000000000000000000000000000000000000000000000000000000000000000000000000000000000000000000000000000000000000000000000000
